4
0 1 10 10 250 2 111,121,131,201 0
0 2 20 20 250 2 112,122,132,202 250
0 3 40 40 250 2 113,123,133,203 750
0 4 80 80 250 2 114,124,134,204 2500
0 5 160 160 250 2 115,125,135,205 7500
1 1 10 0 350 2 0 50
1 2 20 0 350 2 0 50
1 3 40 0 350 2 0 150
1 4 80 0 350 2 0 350
1 5 160 0 350 2 0 650
2 1 0 10 0 2 0 100
2 2 0 20 0 2 0 100
2 3 0 40 0 2 0 200
2 4 0 80 0 2 0 400
2 5 0 60 0 2 0 800
3 1 15 0 150 1 211,221 75
3 2 30 0 150 1 212,222 200
3 3 60 0 150 1 213,223 500
3 4 120 0 150 1 214,224 1200
3 5 240 0 150 1 215,225 3000
4,0 5,6
