7
10
50x50
0 25 25 0
0 75 25 0
0 125 25 0
0 175 25 0
1 225 25 1
0 275 25 0
0 325 25 0
0 375 25 0
0 425 25 0
0 475 25 0
0 25 75 0
1 75 75 1
1 125 75 1
1 175 75 1
1 225 75 1
1 275 75 2
1 325 75 2
1 375 75 2
1 425 75 2
0 475 75 0
0 25 125 0
0 75 125 0
0 125 125 0
0 175 125 0
0 225 125 0
0 275 125 0
0 325 125 0
0 375 125 0
0 425 125 0
0 475 125 0
1 25 175 1
1 75 175 1
1 125 175 1
1 175 175 1
0 225 175 0
0 275 175 0
1 325 175 2
1 375 175 2
1 425 175 2
1 475 175 2
0 25 225 0
0 75 225 0
0 125 225 0
0 175 225 0
0 225 225 0
0 275 225 0
0 325 225 0
0 375 225 0
0 425 225 0
0 475 225 0
0 25 275 0
1 75 275 1
1 125 275 1
1 175 275 1
1 225 275 1
1 275 275 2
1 325 275 2
1 375 275 2
1 425 275 2
0 475 275 0
0 25 325 0
0 75 325 0
0 125 325 0
0 175 325 0
0 225 325 0
1 275 325 2
0 325 325 0
0 375 325 0
0 425 325 0
0 475 325 0
4,0 5,0 6,0 7,0 8,0 9,0 9,1 9,2 8,2 7,2 6,2 5,2 5,3 5,4 6,4 7,4 8,4 9,4 9,5 9,6 8,6 7,6 6,6 5,6
5,6 4,6 3,6 2,6 1,6 0,6 0,5 0,4 1,4 2,4 3,4 4,4 4,3 4,2 3,2 2,2 1,2 0,2 0,1 0,0 1,0 2,0 3,0 4,0
